Proxy,Protocol,Country,Country Code,Flag,Fraud Score,Risk,VPN,ISP,Latency (ms),Iran Reachable,Iran Latency (ms),Iran Nodes OK
187.102.219.64:999,HTTP,Argentina,AR,🇦🇷,0,low,No,Cretton Lisandro Maximiliano,1491,Yes,325.2,8/8
187.102.219.64:999,HTTP,Argentina,AR,🇦🇷,0,low,No,Cretton Lisandro Maximiliano,1958,Yes,325.2,8/8
181.192.2.23:8080,HTTP,Argentina,AR,🇦🇷,0,low,No,Coop Telefonica Villa Gesell Ltda,7184,Not Checked,,
187.102.219.32:999,HTTP,Argentina,AR,🇦🇷,0,low,No,Cretton Lisandro Maximiliano,4676,Not Checked,,
181.209.110.27:999,HTTP,Argentina,AR,🇦🇷,0,low,No,ARSAT - Empresa Argentina de Soluciones Satelitales S.A,4624,Not Checked,,
186.125.218.150:999,HTTP,Argentina,AR,🇦🇷,0,low,No,CARDOZO JAVIER ALEJANDRO (KILLA INTERNET),7725,Not Checked,,
190.7.19.110:8080,HTTP,Argentina,AR,🇦🇷,0,low,No,Gigared S.A,7650,Not Checked,,
186.125.218.150:999,HTTP,Argentina,AR,🇦🇷,0,low,No,CARDOZO JAVIER ALEJANDRO (KILLA INTERNET),4663,Not Checked,,
177.136.86.155:999,HTTP,Argentina,AR,🇦🇷,0,low,No,Access AIR Sociedad Simple,9745,Not Checked,,
45.229.30.29:11211,HTTP,Argentina,AR,🇦🇷,0,low,No,Fibras Opticas De MAR Del Plata S.A.,11294,Not Checked,,
190.7.59.10:8080,HTTP,Argentina,AR,🇦🇷,0,low,No,Gigared S.A,18282,Not Checked,,
190.136.211.228:999,HTTP,Argentina,AR,🇦🇷,0,low,No,Patagonia Green S.A.,9629,Not Checked,,
45.172.142.189:999,HTTP,Argentina,AR,🇦🇷,0,low,No,Techtron Argentina S.A.,3330,Not Checked,,
200.110.218.11:999,HTTP,Argentina,AR,🇦🇷,0,low,No,CPS,6287,Not Checked,,
45.65.227.97:999,HTTP,Argentina,AR,🇦🇷,0,low,No,Solution LAN S.A,10342,Not Checked,,
45.226.225.102:999,HTTP,Argentina,AR,🇦🇷,0,low,No,CORTEZ RAUL OMAR (ZETRO INTERNET),9375,Not Checked,,
138.117.14.237:9090,HTTP,Argentina,AR,🇦🇷,0,low,No,Level Seven SRL,10638,Not Checked,,
138.117.14.249:8888,HTTP,Argentina,AR,🇦🇷,0,low,No,Level Seven SRL,9925,Not Checked,,
138.117.14.251:8888,HTTP,Argentina,AR,🇦🇷,0,low,No,Level Seven SRL,7188,Not Checked,,
190.122.91.10:999,HTTP,Argentina,AR,🇦🇷,0,low,No,Insaurralde Claudio Oscar,12130,Not Checked,,
181.209.110.27:999,HTTP,Argentina,AR,🇦🇷,0,low,No,ARSAT - Empresa Argentina de Soluciones Satelitales S.A,4613,Not Checked,,
198.12.37.18:8080,HTTP,Argentina,AR,🇦🇷,0,low,No,Servicios y Telecomunicaciones S.A,19179,Not Checked,,
45.172.142.38:999,HTTP,Argentina,AR,🇦🇷,0,low,No,Techtron Argentina S.A.,7512,Not Checked,,
190.109.126.44:1010,HTTP,Argentina,AR,🇦🇷,0,low,No,Internet Cordoba S.A.S,14262,Not Checked,,
200.5.120.198:8080,HTTP,Argentina,AR,🇦🇷,1,low,No,Telefonica de Argentina,9652,Not Checked,,
152.169.106.145:8080,HTTP,Argentina,AR,🇦🇷,1,low,No,Telecom Argentina S.A,10285,Not Checked,,
200.49.99.78:9991,HTTP,Argentina,AR,🇦🇷,1,low,No,Telecom Argentina S.A,1222,Not Checked,,
200.49.99.78:9991,HTTP,Argentina,AR,🇦🇷,1,low,No,Telecom Argentina S.A,14959,Not Checked,,
200.70.35.2:8080,HTTP,Argentina,AR,🇦🇷,1,low,No,Telefonica de Argentina,13552,Not Checked,,
200.41.149.66:12323,HTTP,Argentina,AR,🇦🇷,1,low,No,Telefonica de Argentina,1558,Not Checked,,
131.0.235.26:55555,HTTP,Argentina,AR,🇦🇷,5,low,No,MUSURIT,7802,Not Checked,,
131.0.235.25:55555,HTTP,Argentina,AR,🇦🇷,5,low,No,MUSURIT,13620,Not Checked,,
